Iteracion 1
7804
1386
465
523
1310
490
190
39
171
49
Iteracion 2
7338
1558
619
639
802
563
126
25
114
33
Iteracion 3
8181
817
313
318
743
284
127
25
115
32
Iteracion 4
8816
873
310
310
743
284
132
25
115
32
Iteracion 5
7019
1225
463
495
1121
425
189
39
171
49
Iteracion 6
4183
879
310
352
749
284
127
26
114
33
Iteracion 7
7566
1278
470
470
1114
426
190
38
172
49
Iteracion 8
6233
1225
482
471
870
284
126
26
114
33
Iteracion 9
7981
1573
449
313
743
563
127
25
114
33
Iteracion 10
8954
1459
314
313
751
387
127
25
115
33
