Iteracion 1
1856
416
302
573
248
142
70
18
25
8
Iteracion 2
3240
677
563
1081
557
320
153
40
57
18
Iteracion 3
3421
700
641
1197
563
331
152
40
57
18
Iteracion 4
3845
794
527
1014
478
271
131
33
48
15
Iteracion 5
3781
917
520
1015
494
271
130
34
48
15
Iteracion 6
4051
931
872
799
373
213
101
26
38
12
Iteracion 7
1878
385
298
531
260
148
67
17
25
7
Iteracion 8
3408
683
623
1123
502
290
139
39
51
17
Iteracion 9
3537
679
631
1086
510
290
139
36
51
17
Iteracion 10
3732
649
418
810
373
213
102
26
38
12
